3.868181818181818
3.2061068702290076
3.0224719101123596
3.550239234449761
3.302325581395349
3.52
3.798449612403101
3.9954337899543377
3.8963210702341136
3.831460674157303
3.842553191489362
4.385767790262173
3.4065934065934065
3.978021978021978
3.7781569965870307
3.1578947368421053
3.119565217391304
2.8
3.9565217391304346
3.4166666666666665
2.746987951807229
4.151515151515151
4.1208791208791204
3.4482758620689653
3.412878787878788
3.452054794520548
3.0892857142857144
3.931159420289855
2.6666666666666665
3.945945945945946
3.6298701298701297
3.7901234567901234
3.4536082474226806
2.7142857142857144
2.1818181818181817
2.1538461538461537
2.25
3.0083333333333333
3.264367816091954
2.8947368421052633
3.081081081081081
3.828767123287671
3.0
3.3417721518987342
4.05
3.5555555555555554
3.626984126984127
4.094017094017094
3.3205128205128207
4.3584905660377355
3.45679012345679
3.769230769230769
2.953125
3.2403846153846154
3.704697986577181
4.052083333333333
3.9743589743589745
3.645714285714286
4.073170731707317
4.031746031746032
3.864406779661017
3.134920634920635
3.097560975609756
4.445229681978798
3.5391304347826087
3.5527950310559007
3.0485436893203883
3.417910447761194
3.853582554517134
3.6613545816733066
3.7880184331797233
3.1875
3.46875
3.0
3.0
3.4074074074074074
3.2781456953642385
2.4545454545454546
4.044776119402985
2.764705882352941
3.5545454545454547
3.7286821705426356
4.0625
3.0
3.0344827586206895
3.94
3.9057971014492754
3.539906103286385
4.138181818181818
3.0526315789473686
3.5785714285714287
3.6153846153846154
3.6923076923076925
3.0808823529411766
3.8256880733944953
4.0
3.7874015748031495
4.28974358974359
3.7093023255813953
4.153846153846154
3.26027397260274
3.1296296296296298
1.8666666666666667
1.4
2.5675675675675675
2.876923076923077
3.4878048780487805
3.076923076923077
3.4307692307692306
2.5161290322580645
3.485294117647059
2.526315789473684
4.111111111111111
4.447761194029851
3.7333333333333334
3.824
3.6949602122015914
3.217993079584775
4.5
2.2388059701492535
3.438228438228438
2.3529411764705883
3.236842105263158
4.053475935828877
3.557377049180328
3.817204301075269
4.2895377128953776
3.5384615384615383
3.8217054263565893
2.15
3.7263157894736842
4.088235294117647
3.871345029239766
4.292929292929293
3.969111969111969
4.125
3.932515337423313
2.5789473684210527
2.78
3.2131147540983607
3.5
3.0701754385964914
3.765765765765766
3.8724279835390947
2.46875
2.5
3.4702702702702704
3.203125
3.0
3.828025477707006
3.6276923076923078
3.6341463414634148
3.785425101214575
3.7471264367816093
3.1020408163265305
3.979591836734694
3.6929133858267718
2.6166666666666667
3.227722772277228
3.463768115942029
3.481818181818182
3.556603773584906
3.561797752808989
3.589403973509934
4.109375
4.120689655172414
2.955223880597015
4.0664556962025316
4.4655172413793105
4.191666666666666
3.876923076923077
4.204359673024523
4.172839506172839
4.250596658711217
3.8115942028985508
3.9471830985915495
3.859259259259259
4.346774193548387
3.909502262443439
4.04524886877828
4.012345679012346
3.9513274336283186
4.027777777777778
3.4310344827586206
4.100418410041841
3.832
4.186602870813397
3.6804733727810652
4.106060606060606
4.130081300813008
4.167272727272727
4.120689655172414
3.917197452229299
4.063063063063063
3.9335548172757475
3.9163346613545817
4.100840336134453
3.9917355371900825
4.175757575757576
3.825242718446602
3.5168539325842696
3.7642857142857142
3.868131868131868
3.838616714697406
3.9926470588235294
3.38
3.8181818181818183
3.945
3.905759162303665
3.930513595166163
3.912621359223301
3.4565217391304346
3.985074626865672
3.3508771929824563
3.69811320754717
3.9131944444444446
3.158333333333333
3.4518072289156625
3.1818181818181817
3.3636363636363638
3.72972972972973
3.6509695290858724
4.198529411764706
3.7045454545454546
2.9158878504672896
3.355421686746988
3.279503105590062
3.8201754385964914
3.125
3.4444444444444446
2.683098591549296
3.207920792079208
3.275
3.772893772893773
2.8518518518518516
3.6222222222222222
3.7109375
3.875
3.513333333333333
2.7884615384615383
3.5354330708661417
3.991228070175439
2.435114503816794
3.1666666666666665
3.1176470588235294
3.7827715355805243
1.8
3.668918918918919
3.246153846153846
3.4744897959183674
4.260869565217392
2.9430379746835444
3.6923076923076925
2.4516129032258065
3.3567251461988303
3.5625
3.752542372881356
3.8078512396694215
2.685185185185185
2.557377049180328
2.558139534883721
3.712121212121212
2.1578947368421053
2.7291666666666665
3.8628318584070795
NaN
3.4444444444444446
NaN
3.926984126984127
3.5955882352941178
3.2285714285714286
4.262626262626263
3.5596330275229358
3.4759358288770055
4.0038167938931295
3.697986577181208
3.4571428571428573
3.2333333333333334
3.2857142857142856
3.1882352941176473
3.143835616438356
3.685344827586207
3.7167630057803467
3.160621761658031
4.2625
3.6666666666666665
3.5657894736842106
3.439914163090129
2.9766536964980546
3.1157894736842104
3.376
3.672566371681416
3.802721088435374
3.1219512195121952
3.418918918918919
3.3333333333333335
3.7007299270072993
3.7906976744186047
2.9315068493150687
3.628992628992629
3.3013100436681224
4.15593220338983
NaN
NaN
NaN
3.9473684210526314
3.518918918918919
2.966666666666667
NaN
3.574468085106383
3.689189189189189
3.1538461538461537
4.2514450867052025
1.0
4.094936708860759
4.196428571428571
3.900990099009901
4.462585034013605
3.279503105590062
4.05
3.130952380952381
3.0245098039215685
2.9184549356223175
3.146551724137931
2.5511811023622046
3.3043478260869565
3.3771428571428572
3.419795221843003
NaN
3.024390243902439
3.5398230088495577
3.4452554744525545
3.5955555555555554
3.359375
2.761904761904762
2.627906976744186
3.0
2.659340659340659
3.25531914893617
3.566666666666667
3.090909090909091
2.923076923076923
3.0826446280991737
3.6545454545454548
3.375
3.6504065040650406
3.5303030303030303
3.339622641509434
2.793103448275862
3.1463414634146343
2.7
2.1153846153846154
2.4285714285714284
3.486111111111111
2.926829268292683
3.3789473684210525
4.289575289575289
2.572463768115942
3.5
3.2
3.5
2.740740740740741
2.7111111111111112
2.675675675675676
3.2083333333333335
3.3404255319148937
3.458823529411765
1.903225806451613
2.6346153846153846
2.8205128205128207
3.1641791044776117
3.5294117647058822
2.8974358974358974
2.272727272727273
1.9565217391304348
2.8333333333333335
2.1538461538461537
3.722772277227723
2.9767441860465116
3.3304347826086955
3.5408163265306123
3.581818181818182
2.064516129032258
2.782608695652174
3.5625
2.8160919540229883
3.3846153846153846
2.392857142857143
3.4444444444444446
3.2
2.7457627118644066
3.5441176470588234
3.4114583333333335
3.3333333333333335
2.5892857142857144
2.830188679245283
2.5833333333333335
2.076923076923077
3.303370786516854
2.7222222222222223
2.8026315789473686
3.4647058823529413
3.427860696517413
3.6732673267326734
3.31055900621118
2.4489795918367347
2.511627906976744
4.491071428571429
3.142857142857143
3.1296296296296298
2.906832298136646
2.380434782608696
2.6363636363636362
3.532258064516129
2.84
3.484375
3.095890410958904
3.5813953488372094
3.7247191011235956
3.6666666666666665
3.5943396226415096
2.8461538461538463
3.824915824915825
1.3157894736842106
3.7411764705882353
2.84375
4.292237442922374
3.808333333333333
3.9148936170212765
3.989130434782609
3.5359477124183005
3.7701149425287355
3.690058479532164
3.8358208955223883
3.949074074074074
3.5353535353535355
1.0
1.1666666666666667
1.0
1.6428571428571428
2.5576923076923075
1.25
3.832258064516129
2.717391304347826
3.5
2.4444444444444446
3.5041322314049586
3.380952380952381
3.034782608695652
2.3968253968253967
3.347058823529412
2.6666666666666665
1.9375
2.875
3.2551724137931033
2.3125
1.7407407407407407
3.103448275862069
3.75
3.0
3.621212121212121
3.804054054054054
3.859154929577465
3.5925925925925926
3.5647058823529414
3.5961538461538463
3.7916666666666665
3.3125
3.7761194029850746
3.6666666666666665
3.6064814814814814
3.0822784810126582
3.126984126984127
4.252577319587629
3.884
3.0314465408805034
3.210526315789474
4.11
4.247191011235955
4.2897727272727275
3.9365079365079363
3.984375
4.454545454545454
4.231343283582089
3.8225806451612905
3.796875
4.102941176470588
4.2
4.115384615384615
4.02
3.8181818181818183
3.864406779661017
4.15
4.0
3.6610169491525424
4.121212121212121
3.8852459016393444
4.184210526315789
3.933333333333333
3.5483870967741935
3.4959349593495936
3.75
3.641025641025641
3.819672131147541
4.0
3.8555555555555556
3.816326530612245
3.60093896713615
3.8512396694214877
3.8859649122807016
4.232558139534884
4.061224489795919
4.338028169014085
3.911111111111111
4.228426395939087
3.9682539682539684
3.769230769230769
3.651685393258427
4.103896103896104
4.104838709677419
3.8333333333333335
3.7714285714285714
3.9939024390243905
4.066666666666666
4.027397260273973
3.8306451612903225
4.015463917525773
4.132231404958677
3.978494623655914
4.025
3.9224806201550386
3.3181818181818183
3.6666666666666665
3.3076923076923075
3.1666666666666665
3.3
3.6333333333333333
3.4444444444444446
2.477272727272727
2.511627906976744
2.869565217391304
2.5294117647058822
3.619047619047619
3.1549295774647885
1.8333333333333333
3.031496062992126
3.341463414634146
2.272727272727273
3.5652173913043477
3.2847682119205297
2.4166666666666665
2.8666666666666667
3.2857142857142856
2.803921568627451
2.0
2.5
3.1176470588235294
3.6714285714285713
3.1824817518248176
2.727272727272727
3.086206896551724
3.2083333333333335
2.413793103448276
2.037037037037037
2.7
3.5730337078651684
2.8
3.646288209606987
2.701492537313433
3.1
2.5
2.7586206896551726
NaN
2.2
2.5454545454545454
3.021505376344086
2.2195121951219514
3.152173913043478
2.6315789473684212
3.375
3.2203389830508473
3.6011904761904763
3.0
3.5443037974683542
2.4871794871794872
2.676470588235294
3.5714285714285716
3.7960199004975124
4.023255813953488
2.0
3.601123595505618
3.3333333333333335
3.1666666666666665
2.4
3.09375
3.377952755905512
3.150485436893204
2.25
1.0
3.0
4.0
3.7
4.3936170212765955
4.012345679012346
3.3548387096774195
4.045454545454546
3.9696969696969697
3.933333333333333
3.5833333333333335
3.658536585365854
4.1
3.9696969696969697
4.037037037037037
3.7450980392156863
4.0508474576271185
3.421875
3.7777777777777777
3.611111111111111
3.171875
3.0930232558139537
2.909090909090909
3.358974358974359
2.923076923076923
3.272727272727273
3.3292682926829267
3.25
3.2266666666666666
3.5092024539877302
3.3376623376623376
3.2903225806451615
3.6218487394957983
3.896551724137931
4.073529411764706
3.75
2.739130434782609
3.241758241758242
3.026315789473684
3.7674418604651163
3.7
3.037037037037037
4.212121212121212
3.4831460674157304
3.0
3.7714285714285714
3.814814814814815
3.861111111111111
4.1
4.029850746268656
3.4
3.5416666666666665
4.070588235294117
3.888888888888889
3.911764705882353
4.136054421768708
3.881057268722467
4.0
4.259541984732825
3.4177215189873418
4.078260869565217
3.764705882352941
4.103448275862069
3.426829268292683
3.9051724137931036
3.5434782608695654
2.83
2.4
2.1666666666666665
2.1666666666666665
1.6153846153846154
2.92
3.608695652173913
2.721311475409836
3.5232558139534884
2.8958333333333335
3.5555555555555554
3.3376623376623376
3.0
2.808219178082192
3.046728971962617
2.682926829268293
2.4444444444444446
3.0306122448979593
2.4081632653061225
3.7828947368421053
3.3548387096774195
3.7142857142857144
2.1884057971014492
1.813953488372093
3.164705882352941
3.461038961038961
3.5
3.6280487804878048
3.6741573033707864
4.045454545454546
2.923076923076923
3.1392405063291138
3.425
3.0
3.676470588235294
2.6
4.0
3.018867924528302
3.5789473684210527
3.0416666666666665
3.9926470588235294
2.6666666666666665
3.890625
3.4752475247524752
4.028846153846154
3.5714285714285716
3.25
3.061224489795918
3.611111111111111
3.230769230769231
3.2758620689655173
3.1551724137931036
2.817073170731707
3.6875
2.4074074074074074
3.0232558139534884
3.4444444444444446
2.9310344827586206
3.1470588235294117
3.4714285714285715
2.75
2.4285714285714284
3.4603174603174605
3.022222222222222
3.4814814814814814
3.5
3.1538461538461537
3.65
3.2
2.5185185185185186
3.8529411764705883
3.9358974358974357
2.983050847457627
2.838709677419355
3.323170731707317
3.4761904761904763
3.473684210526316
3.642857142857143
1.9487179487179487
3.4565217391304346
3.875
3.675213675213675
3.4607843137254903
3.1143790849673203
3.176470588235294
3.845528455284553
3.403409090909091
3.3076923076923075
3.7083333333333335
3.357142857142857
3.3125
2.8984375
2.75
1.7142857142857142
2.1818181818181817
2.6666666666666665
3.0454545454545454
3.3839285714285716
3.389261744966443
2.7586206896551726
2.8125
3.111111111111111
2.1818181818181817
3.04
2.4523809523809526
3.3859649122807016
2.6341463414634148
3.061224489795918
2.9411764705882355
2.9375
2.769230769230769
3.2222222222222223
1.25
3.5526315789473686
2.5483870967741935
3.0
3.3333333333333335
2.6
2.72972972972973
1.0
3.1538461538461537
2.642857142857143
3.230769230769231
1.6666666666666667
3.574468085106383
2.909090909090909
2.5
3.7209302325581395
3.5
3.652173913043478
2.4285714285714284
3.0
3.096774193548387
2.2222222222222223
3.2
2.84
2.8125
2.7
2.5555555555555554
2.875
3.6296296296296298
3.46
2.7777777777777777
2.838709677419355
2.9069767441860463
2.888888888888889
3.9444444444444446
3.111111111111111
3.9272727272727272
5.0
3.232142857142857
2.5
2.6666666666666665
2.76
2.7
2.774193548387097
3.0454545454545454
3.0
2.8780487804878048
2.7551020408163267
3.0609756097560976
2.575
2.7719298245614037
2.6923076923076925
2.6470588235294117
1.0
2.4615384615384617
2.5454545454545454
3.204081632653061
2.2
3.8666666666666667
3.8
3.92
2.75
2.5
2.6470588235294117
2.75
3.1481481481481484
3.0
3.357142857142857
3.4655172413793105
3.0681818181818183
3.7037037037037037
3.5555555555555554
2.7169811320754715
4.0
3.75
1.0
3.857142857142857
3.375
3.7384615384615385
3.8333333333333335
3.0
1.0
2.6666666666666665
2.25
2.3333333333333335
2.111111111111111
3.9166666666666665
3.1666666666666665
3.6666666666666665
3.319327731092437
4.0
3.8
3.0
2.7777777777777777
2.4027777777777777
3.0952380952380953
2.962962962962963
3.2564102564102564
2.784313725490196
NaN
2.5384615384615383
NaN
3.2720588235294117
3.1724137931034484
2.8870967741935485
3.2941176470588234
3.230769230769231
3.2857142857142856
2.230769230769231
3.0754716981132075
3.622950819672131
3.466666666666667
3.3846153846153846
1.9534883720930232
2.6666666666666665
2.7547169811320753
2.4285714285714284
1.894736842105263
3.2169811320754715
3.744186046511628
1.5
3.192982456140351
3.4444444444444446
3.6904761904761907
1.9166666666666667
3.8333333333333335
3.111111111111111
3.45
3.2222222222222223
3.1904761904761907
2.0
2.388888888888889
3.769230769230769
2.0
2.5
3.0
2.5
2.727272727272727
3.923076923076923
3.1666666666666665
3.4285714285714284
3.0
3.8085106382978724
2.2
3.9782608695652173
3.823529411764706
4.155172413793103
3.4
3.323529411764706
2.702970297029703
3.1666666666666665
3.1153846153846154
2.717948717948718
2.7
2.1607142857142856
2.925
2.4285714285714284
2.926470588235294
3.2857142857142856
3.9375
3.4444444444444446
2.88
3.6
2.34375
3.0652173913043477
3.488888888888889
3.475
3.0
3.925
3.1475409836065573
3.235294117647059
2.1702127659574466
3.3230769230769233
2.9
2.8205128205128207
3.1777777777777776
3.3181818181818183
3.5454545454545454
3.4081632653061225
3.608695652173913
2.0
3.7857142857142856
3.46875
3.24
3.6176470588235294
3.130434782608696
4.2926829268292686
3.3333333333333335
3.6315789473684212
4.1923076923076925
3.1666666666666665
3.7222222222222223
3.8378378378378377
3.25
3.676470588235294
3.1785714285714284
3.5
3.03125
3.159090909090909
1.8333333333333333
2.693877551020408
2.5185185185185186
3.2
3.238095238095238
1.75
2.8
2.4
2.9069767441860463
2.8636363636363638
2.4545454545454546
2.5
2.3058823529411763
2.8333333333333335
3.090909090909091
2.24
3.0
3.5076923076923077
2.2857142857142856
3.161290322580645
2.5
2.125
2.5625
2.8
3.0
2.0
1.875
2.4722222222222223
3.111111111111111
3.6818181818181817
2.8260869565217392
4.127659574468085
3.3783783783783785
3.3225806451612905
3.25
3.225806451612903
3.53
2.27027027027027
3.0618556701030926
2.8333333333333335
3.448529411764706
3.24
3.1875
3.967741935483871
3.8857142857142857
3.8378378378378377
3.4375
2.5806451612903225
3.6
2.953488372093023
2.5
2.6666666666666665
3.034965034965035
2.0
2.25
2.2857142857142856
2.875
2.78125
2.5185185185185186
3.161764705882353
2.75
2.0
2.823529411764706
4.0
2.6
3.193548387096774
3.142857142857143
3.0
3.225
3.2916666666666665
3.1739130434782608
2.8484848484848486
3.0136986301369864
2.52
3.6511627906976742
3.2439024390243905
2.272727272727273
3.4583333333333335
2.3043478260869565
3.2
3.2
2.3181818181818183
3.2666666666666666
2.75
3.0
2.9310344827586206
3.75
3.658536585365854
4.25
3.490566037735849
3.0
3.4761904761904763
3.1666666666666665
3.1666666666666665
3.740740740740741
2.875
2.4285714285714284
3.8181818181818183
2.961038961038961
3.4285714285714284
2.25
3.125
2.772727272727273
2.2444444444444445
4.0
2.75
2.625
2.5
3.857142857142857
3.0
3.2857142857142856
1.7
2.230769230769231
2.1315789473684212
2.4054054054054053
2.7209302325581395
2.5
3.0869565217391304
2.4166666666666665
2.6206896551724137
2.6666666666666665
3.5294117647058822
3.6904761904761907
3.4615384615384617
2.625
3.767123287671233
2.4285714285714284
3.789473684210526
3.0
2.8333333333333335
3.0
3.0555555555555554
2.4
3.4285714285714284
2.8536585365853657
3.4285714285714284
2.8
3.272727272727273
3.3
3.4642857142857144
3.6153846153846154
3.1052631578947367
3.25531914893617
3.6610169491525424
3.0
3.761904761904762
5.0
3.6666666666666665
3.8333333333333335
4.25
3.4
2.909090909090909
2.6923076923076925
3.5714285714285716
4.0
4.0
2.625
2.9642857142857144
3.2972972972972974
2.9782608695652173
3.4827586206896552
3.9642857142857144
3.4
2.606060606060606
2.2941176470588234
3.3333333333333335
4.045454545454546
4.0
3.6666666666666665
2.6666666666666665
2.0
3.6666666666666665
3.3333333333333335
3.8461538461538463
3.111111111111111
2.142857142857143
3.5185185185185186
3.473684210526316
3.3333333333333335
3.3333333333333335
3.0
2.88
4.0
3.5454545454545454
3.6153846153846154
2.923076923076923
1.6
2.68
2.1666666666666665
1.8571428571428572
3.1666666666666665
3.5454545454545454
3.3181818181818183
4.1
3.074074074074074
3.142857142857143
3.6666666666666665
2.5714285714285716
3.25
3.2857142857142856
3.3636363636363638
1.8571428571428572
2.473684210526316
2.111111111111111
2.5
2.5
2.3076923076923075
2.210526315789474
2.5
2.2777777777777777
3.3333333333333335
3.230769230769231
2.772727272727273
5.0
3.3636363636363638
4.333333333333333
3.3846153846153846
3.8
4.064516129032258
3.272727272727273
3.0
3.5555555555555554
3.142857142857143
2.869565217391304
3.2857142857142856
5.0
3.5
4.0476190476190474
3.611111111111111
3.0
2.6842105263157894
2.2941176470588234
2.85
2.533333333333333
2.736842105263158
3.4166666666666665
2.8333333333333335
2.1666666666666665
2.0
1.9333333333333333
3.0
2.871794871794872
3.4615384615384617
2.9
3.3333333333333335
3.4871794871794872
2.68
3.5
2.6666666666666665
2.642857142857143
3.375
2.375
2.4583333333333335
2.1538461538461537
1.8333333333333333
2.5
2.5
3.5
2.375
4.0
3.0
3.5
3.125
2.4444444444444446
3.6538461538461537
2.6666666666666665
2.6
3.7142857142857144
2.9166666666666665
3.210526315789474
1.5714285714285714
1.8333333333333333
3.0
2.8333333333333335
1.5
4.125
3.0
2.4285714285714284
1.8181818181818181
2.25
1.75
NaN
2.5217391304347827
2.0
2.75
3.25
3.625
2.933333333333333
3.2857142857142856
3.0526315789473686
3.1666666666666665
3.0
3.3
3.9
2.2857142857142856
2.7142857142857144
1.8
2.7333333333333334
1.7272727272727273
2.5
2.5
3.4210526315789473
3.625
2.888888888888889
2.6875
3.1538461538461537
3.2222222222222223
2.6842105263157894
2.8461538461538463
3.1333333333333333
3.6875
1.3333333333333333
3.0
2.142857142857143
1.5
2.2857142857142856
1.6666666666666667
5.0
3.142857142857143
2.5714285714285716
3.25
2.8333333333333335
3.6666666666666665
3.0
2.3333333333333335
3.8
3.4
2.3333333333333335
2.5
2.4285714285714284
3.0
1.5
1.0
1.0
3.0
2.5
3.0
3.142857142857143
2.4545454545454546
3.130434782608696
2.7142857142857144
2.0
1.3333333333333333
1.75
1.0
2.5
2.3333333333333335
2.6666666666666665
2.4
1.0
3.3333333333333335
2.3333333333333335
3.1666666666666665
1.0
2.5
3.0
2.0
2.8
1.0
2.6363636363636362
1.6666666666666667
2.3333333333333335
2.25
1.0
1.0
1.0
2.5
1.0
3.2
2.0
2.4
2.75
1.0
1.0
1.5
2.0
1.0
2.6
1.0
2.6666666666666665
2.6666666666666665
2.6666666666666665
3.0
1.0
1.5
2.6666666666666665
2.0
1.0
1.0
1.5
1.0
4.2
3.6666666666666665
2.75
2.6666666666666665
1.5
3.0
1.0
1.0
3.5555555555555554
2.142857142857143
3.25
2.2
2.857142857142857
2.3333333333333335
3.25
2.0
2.0
1.6666666666666667
2.8
2.6666666666666665
2.0
3.3333333333333335
3.0
2.0
2.0
2.0
2.111111111111111
2.4285714285714284
NaN
4.2
3.2
4.5
2.4285714285714284
3.1
3.2222222222222223
2.75
2.75
3.230769230769231
3.3333333333333335
3.4
2.25
1.0
2.857142857142857
2.75
2.5714285714285716
1.6666666666666667
2.75
2.0
2.4444444444444446
2.4
2.5
3.6666666666666665
2.125
1.3333333333333333
3.1818181818181817
2.25
2.25
2.3333333333333335
2.6
3.25
2.8
3.6666666666666665
NaN
2.3333333333333335
3.4
1.0
2.0
2.5
2.5714285714285716
2.5
2.0
2.4
3.0
3.0
2.5714285714285716
2.4
3.75
2.473684210526316
2.75
3.1333333333333333
3.0
3.6666666666666665
4.625
4.0
3.8666666666666667
4.0
2.0
3.0
2.5
3.7142857142857144
3.0
4.0
3.5714285714285716
3.0
2.0
3.7142857142857144
3.3333333333333335
2.3333333333333335
2.3333333333333335
4.0
5.0
3.3333333333333335
3.1666666666666665
2.6
2.4444444444444446
3.5
3.5555555555555554
2.8333333333333335
2.875
2.0
NaN
2.7222222222222223
2.75
2.272727272727273
3.0
4.0
3.4166666666666665
2.6666666666666665
3.5
1.0
2.0
3.0
2.2
3.0
3.0
4.0
1.0
1.0
3.6
2.8
3.0
4.0
3.25
5.0
3.0
1.5
3.1
3.6666666666666665
4.0
3.6666666666666665
3.0
2.3333333333333335
1.6
3.0
3.2
4.0
2.0
3.142857142857143
4.0
4.0
2.8
3.0
3.0
3.0
3.0
2.4285714285714284
3.0
4.25
4.0
4.0
2.4285714285714284
2.3333333333333335
2.8
2.0
3.2857142857142856
2.0
4.0
2.1666666666666665
3.0
5.0
4.0
3.0
1.75
2.8
3.5
3.0
3.0
2.6666666666666665
2.5
1.0
3.0
1.0
1.5
3.0
2.0
2.0
2.75
3.0
2.6
2.0
1.0
3.5714285714285716
1.0
2.75
1.0
1.0
1.0
1.0
1.0
1.0
1.0
1.0
1.0
1.0
1.0
1.0
2.5
1.0
1.0
1.0
1.0
2.0
1.0
1.0
1.0
1.0
1.0
1.0
2.5
1.0
1.0
2.0
3.0
2.0
3.1666666666666665
3.6
4.0
4.5
2.0
2.0
3.0
2.5
5.0
3.75
1.0
3.3333333333333335
3.0
4.0
3.0
2.8275862068965516
2.7142857142857144
2.25
1.6666666666666667
2.0
3.0
3.75
4.0
3.0
3.0
4.0
NaN
1.0
3.0
3.2222222222222223
1.0
2.3333333333333335
4.0
2.0
3.0
1.0
3.0
3.75
4.0
3.0
3.5
3.0
3.0
2.0
3.0
4.0
3.0
3.0
4.333333333333333
3.0
3.0
4.5
3.75
1.5
NaN
3.5
3.0
2.0
3.0
4.0
4.0
1.6666666666666667
5.0
NaN
2.0
3.5
3.0
NaN
1.0
2.0
1.0
2.5
2.0
3.25
2.0
2.0
3.0
3.0
2.0
3.0
1.0
2.0
3.0
4.0
3.0
2.0
3.0
1.0
3.0
2.6
3.0
3.0
